2.600000000000000000e+01 1.860000000000000000e+02
6.000000000000000000e+01 1.900000000000000000e+02
9.700000000000000000e+01 1.930000000000000000e+02
1.400000000000000000e+02 1.970000000000000000e+02
1.910000000000000000e+02 2.020000000000000000e+02
2.380000000000000000e+02 1.980000000000000000e+02
3.310000000000000000e+02 2.150000000000000000e+02
4.310000000000000000e+02 2.250000000000000000e+02
5.650000000000000000e+02 2.380000000000000000e+02
7.550000000000000000e+02 2.560000000000000000e+02
